11530
20004
32204
43231
10001
30303
10011
33132
14221
43215
40203
10003
10005
20001
20151
10025
11201
20011
10022
15220
10013
55442
10004
11213
44114
11221
20024
53202
33301
20002
10023
43230
10002
11211
14202
10044
11101
10012
45202
10451
21202
34243
20020
04401
43201
04330
55102
15222
11413
30022
30044
02021
10021
33312
32202
10014
10010
12110
55113
55415
30054
32003
42101
11215
44124
22030
33134
40202
30004
43221
33142
10024
11222
53215
10454
33025
45011
21144
11212
11234
11235
23220
20005
15212
30350
55112
33432
30043
10314
55435
40223
53209
02532
63116
63146
07052
53227
19702
32765
70761
98383
82073
33547
77389
53719
48220
22538
37917
79549
10019
27617
98058
93561
49418
20910
12732
30045
14219
21061
34203
60647
50616
33461
14120
19146
46268
53214
14224
83250
02630
70760
07747
48154
65738
14850
45249
46236
53203
03055
32177
07748
45439
94510
12786
63377
16214
18914
75007
98059
06820
20755
21601
32801
28328
79741
63119
18407
66213
30265
64037
94002
33032
33134
12726
37865
08081
74073
34221
21811
77054
28512
98109
53202
62901
60901
03246
75041
06108
17264
12720