24000
24001
24002
24003
24004
24005
24007
24009
24010
24011
24012
24013
24014
24015
24016
24017
24019
24020
24022
24024
24029
24050
24051
24052
24053
24055
24059
24060
24100
24101
24102
24104
24105
24106
24107
24108
24109
24110
24111
24112
24113
24114
24120
24121
24122
24130
24140
24150
24160
24170
24190
24200
24201
24202
24203
24204
24205
24206
24208
24209
24210
24212
24220
24230
24240
24250
24260
24270
24290
24300
24310
24320
24330
24340
24350
24360
24370
24380
24390
24400
24410
24420
24430
24440
24450
24460
24470
24480
24490
24500
24510
24520
24530
24540
24550
24560
24570
24580
24590
24600
24610
24620
24630
24640
24650
24660
24680
24700
24750
24751
24752
24755
24758
24759
24800
24910
24912
24913
24915
24926
33220
33000
33001
33002
33004
33005
33006
33007
33008
33009
33010
33011
33012
33015
33019
33020
33021
33023
33024
33025
33026
33027
33028
33029
33030
33031
33032
33033
33034
33035
33036
33037
33038
33040
33041
33042
33043
33047
33048
33049
33050
33051
33052
33053
33054
33055
33056
33057
33058
33059
33060
33061
33062
33063
33064
33065
33066
33067
33068
33069
33070
33071
33072
33073
33074
33075
33076
33077
33078
33079
33080
33081
33082
33083
33084
33085
33086
33087
33088
33089
33090
33091
33092
33093
33094
33095
33096
33097
33098
33099
33100
33110
33112
33113
33114
33115
33116
33120
33121
33123
33124
33125
33126
33127
33130
33133
33138
33140
33141
33150
33151
33152
33153
33155
33160
33164
33165
33166
33167
33169
33170
33171
33172
33173
33174
33175
33180
33185
33186
33187
33190
33191
33192
33193
33200
33210
33211
33212
33213
33214
33219
33230
33240
33250
33260
33270
33271
33272
33273
33274
33278
33279
33290
33291
33292
33293
33294
33295
33300
33305
33306
33309
33310
33311
33312
33313
33314
33319
33320
33321
33322
33323
33324
33326
33327
33329
33330
33335
33340
33341
33350
33360
33370
33380
33390
33391
33392
33393
33394
33395
33400
33401
33402
33403
33404
33405
33409
33410
33420
33430
33440
33450
33451
33452
33460
33461
33469
33470
33480
33490
33491
33492
33495
33500
33501
33502
33503
33504
33505
33506
33507
33509
33510
33515
33520
33521
33522
33523
33524
33525
33526
33527
33529
33530
33540
33550
33560
33561
33562
33563
33564
33565
33570
33580
33590
33600
33601
33602
33603
33604
33605
33606
33607
33608
33609
33610
33611
33612
33613
33614
33615
33620
33621
33625
33626
33627
33629
33640
33650
33652
33660
33670
33680
33688
33689
33690
33691
33692
33693
33694
33695
33696
33697
33698
33699
33700
33701
33702
33703
33704
33705
33706
33707
33708
33709
33710
33720
33730
33731
33732
33733
33734
33735
33736
33737
33738
33739
33740
33741
33747
33750
33760
33770
33780
33790
33800
33801
33810
33820
33830
33840
33850
33860
33870
33880
33881
33882
33883
33884
33885
33886
33887
33890
33900
33901
33902
33903
33904
33905
33906
33907
33909
33910
33911
33912
33913
33914
33915
33918
33919
33920
33930
33950
33970
33980
33990
33998
40000
40001
40002
40003
40004
40005
40006
40011
40012
40013
40015
40016
40017
40018
40019
40021
40022
40023
40024
40025
40026
40027
40090
40100
40101
40102
40103
40104
40105
40106
40107
40108
40110
40115
40118
40120
40130
40140
40141
40150
40160
40161
40170
40180
40190
40200
40201
40202
40210
40220
40230
40231
40232
40235
40239
40240
40250
40260
40270
40280
40281
40282
40286
40290
40300
40301
40305
40309
40310
40320
40330
40350
40360
40370
40380
40390
40400
40410
40420
40430
40440
40460
40465
40480
40500
40501
40502
40510
40530
40550
40560
40600
40601
40602
40630
40660
40700
40701
40705
40800
40801
40805
40990
40991
40992
40993
40994
47000
47002
47003
47004
47005
47006
47007
47008
47013
47020
47023
47030
47031
47032
47039
47110
47120
47130
47140
47150
47160
47170
47180
47190
47200
47201
47202
47203
47204
47205
47207
47208
47209
47210
47211
47213
47220
47230
47240
47250
47260
47270
47290
47300
47301
47302
47303
47304
47305
47307
47308
47309
47310
47320
47330
47340
47350
47360
47370
47380
47390
47400
47410
47420
47430
47440
47450
47470
47480
47500
47501
47502
47510
47520
47550
47551
47552
47553
47555
47559
47600
47700
47800
47901
47909
47910
47911
47912
47913
47914
47915
47916
47917
47918
47920
47921
47922
47923
47924
47925
47929
47931
64000
64001
64002
64003
64004
64006
64007
64008
64010
64011
64012
64013
64015
64016
64017
64018
64019
64020
64021
64022
64023
64024
64027
64028
64029
64030
64031
64032
64033
64034
64035
64036
64037
64038
64039
64040
64041
64042
64043
64044
64046
64050
64051
64052
64053
64054
64055
64056
64057
64058
64059
64060
64061
64062
64064
64071
64075
64078
64079
64080
64081
64082
64086
64087
64089
64090
64100
64101
64102
64103
64104
64105
64106
64107
64108
64109
64110
64111
64112
64113
64115
64116
64120
64121
64122
64130
64140
64141
64142
64143
64145
64146
64147
64148
64150
64160
64170
64181
64182
64183
64184
64185
64187
64190
64200
64201
64202
64203
64204
64205
64206
64208
64210
64220
64230
64231
64232
64233
64234
64235
64236
64237
64238
64240
64250
64260
64270
64290
64300
64301
64302
64303
64304
64307
64310
64320
64330
64340
64350
64360
64370
64390
64400
64401
64402
64403
64404
64410
64420
64430
64440
64450
64460
64470
64480
64490
64500
64501
64502
64503
64504
64505
64506
64510
64511
64520
64530
64560
64570
64600
64601
64602
64603
64604
64605
64640
64660
64680
64700
64701
64702
64703
64704
64705
64780
64800
64811
64870
64990
03000
03003
03004
03005
03006
03007
03008
03010
03011
03012
03013
03014
03015
03016
03017
03018
03019
03021
03100
03101
03102
03103
03104
03105
03106
03107
03108
03109
03110
03120
03130
03140
03150
03160
03170
03190
03200
03201
03202
03203
03204
03205
03206
03207
03208
03209
03210
03220
03230
03240
03250
03260
03270
03290
03300
03301
03302
03303
03304
03305
03306
03307
03309
03310
03311
03314
03315
03319
03320
03321
03329
03330
03340
03350
03360
03370
03380
03390
03400
03401
03402
03403
03405
03406
03409
03410
03420
03430
03440
03450
03452
03460
03470
03500
03510
03600
03630
03700
03800
42620
15000
15001
15002
15003
15004
15005
15006
15007
15008
15010
15011
15012
15013
15014
15015
15017
15018
15019
15100
15101
15102
15103
15104
15105
15106
15107
15109
15110
15120
15130
15140
15150
15160
15170
15190
15200
15210
15220
15229
15230
15240
15250
15260
15270
15290
15300
15310
15320
15340
15350
15380
15400
15430
15500
15590
15600
15700
15800
43450
43000
43001
43002
43003
43004
43005
43006
43008
43009
43010
43011
43012
43013
43014
43017
43019
43100
43101
43102
43103
43110
43120
43130
43140
43150
43160
43170
43190
43200
43201
43202
43203
43210
43220
43230
43240
43250
43260
43270
43290
43300
43320
43330
43340
43350
43360
43370
43380
43390
43400
43410
43420
43430
43440
43490
43500
43510
43520
43530
43550
43580
43590
43600
43620
43700
43750
43770
43800
43810
63000
63001
63002
63003
63004
63005
63006
63007
63008
63009
63010
63011
63012
63013
63014
63015
63016
63017
63018
63019
63020
63021
63022
63023
63024
63028
63029
63030
63031
63032
63033
63034
63035
63036
63037
63038
63039
63040
63042
63043
63044
63045
63046
63049
63050
63051
63054
63055
63056
63057
63058
63063
63064
63100
63110
63111
63112
63113
63114
63115
63116
63117
63118
63119
63120
63122
63130
63140
63150
63160
63170
63171
63172
63173
63174
63175
63177
63178
63190
63200
63201
63202
63203
63204
63205
63206
63210
63220
63230
63240
63250
63260
63270
63290
63300
63301
63302
63303
63304
63305
63306
63307
63308
63310
63320
63330
63340
63350
63360
63370
63380
63390
63400
63401
63402
63403
63404
63405
63406
63407
63408
63409
63410
63420
63430
63440
63450
63460
63470
63480
63490
63500
63501
63502
63503
63504
63505
63506
63510
63520
63530
63540
63550
63560
63570
63580
63590
63600
63610
63620
63630
63640
63650
63660
63670
63680
63690
63700
63710
63720
63730
63740
63750
63760
63770
63780
63790
63800
63801
63802
63803
63804
63808
63810
63820
63830
63840
63850
63870
63880
63890
63900
63910
63920
63930
63940
63950
63959
63960
63961
63962
63963
63964
63965
63966
63967
63968
63969
63970
63972
63980
63990
14000
14005
14006
14007
14008
14009
14010
14011
14012
14013
14014
14015
14016
14017
14018
14019
14020
14023
14024
14025
14026
14027
14028
14029
14030
14031
14032
14033
14034
14035
14036
14037
14038
14039
14040
14045
14046
14047
14048
14050
14051
14052
14053
14054
14058
14059
14061
14062
14063
14064
14065
14066
14067
14070
14074
14075
14076
14077
14078
14079
14081
14082
14083
14084
14085
14086
14089
14090
14091
14092
14093
14094
14095
14096
14097
14098
14099
14100
14101
14102
14103
14104
14105
14106
14107
14108
14109
14110
14111
14112
14113
14114
14117
14120
14121
14123
14125
14126
14127
14128
14130
14140
14150
14160
14161
14162
14165
14168
14170
14190
14200
14201
14202
14203
14204
14205
14207
14208
14209
14210
14220
14230
14240
14250
14260
14270
14280
14290
14310
14320
14330
14340
14350
14360
14370
14380
14390
14400
14401
14402
14403
14404
14405
14406
14407
14408
14409
14410
14420
14430
14440
14450
14460
14461
14462
14469
14470
14480
14490
14500
14501
14502
14503
14504
14505
14508
14509
14510
14520
14530
14540
14550
14570
14590
14600
14601
14602
14603
14610
14620
14630
14640
14650
14651
14652
14653
14654
14659
14670
14680
14690
14700
14710
14730
14740
