298234
298246
298300
298302
298303
298306
298307
298309
298310
298312
298313
298318
298319
298320
298324
298327
298328
298329
298330
298339
422540
422541
422542
422544
422545
422546
422548
422549
422550
422551
422558
422559
624440
624441
624443
624444
624446
624447
624448
624449
624450
624459
659300
659301
659302
659303
659304
659305
659306
659308
659309
659311
659314
659315
659316
659318
659319
659320
659321
659322
659323
659325
659326
659328
659329
659330
659332
659333
659334
659335
659336
659399
673500
673504
673509
665400
665401
665402
665403
665404
665407
665408
665409
665412
665413
665414
665415
429060
429061
423250
423251
423252
423253
423254
423255
423256
423257
423258
423259
423260
423269
249710
249711
352190
352191
352192
352193
352194
352195
453100
453101
453102
453103
453104
453105
453106
453107
453109
453110
453112
453114
453115
453116
453118
453119
453120
453121
453122
453124
453126
453128
453129
453130
453169
164200
164203
164207
164238
164239
157500
157501
157504
157505
157525
157559
355000
355001
355002
355003
355004
355005
355006
355007
355008
355009
355010
355011
355012
355013
355016
355017
355018
355019
355020
355021
355024
355025
355026
355028
355029
355030
355031
355032
355035
355037
355038
355040
355041
355042
355044
355045
355047
355700
355880
355882
355895
355899
249240
452680
452681
452683
452684
452685
452686
452687
452688
452689
452699
453250
453251
453252
453253
453254
453256
453259
453260
453261
453262
453263
453264
453265
453266
453269
171210
171239
243500
249010
249011
249013
187549
187550
187551
187552
187553
187555
187556
187557
187605
152610
152611
152612
152613
152615
152616
152619
658480
658481
423650
423651
423652
188990
188991
188992
249910
249911
249929
649000
649002
649006
649007
684000
684001
684004
684005
684006
684007
684039
456580
456581
456582
456584
675824
676151
676152
676240
676243
676244
676246
629400
629404
629405
296012
662970
662971
662972
662973
662976
662977
662978
662980
662989
692801
692802
692803
692804
692806
692809
692812
694140
694149
694740
694741
694742
694745
694749
430000
430001
430002
430003
430004
430005
430006
430007
430008
430009
430010
430011
430012
430013
430015
430016
430017
430018
430019
430021
430023
430024
430025
430027
430028
430030
430031
430032
430033
430034
430899
430950
186150
412292
412300
412302
412303
412304
412305
412306
412307
412308
412309
412310
412311
412313
412314
412315
412316
676010
676011
676013
676014
676015
397700
397701
397702
397706
397705
397706
397759
141840
141700
141701
141702
141703
141704
141705
141707
141716
141720
141727
141800
141801
141802
141803
141804
141815
141816
141899
361621
361622
361623
361624
161440
161441
161479
652990
652991
652992
652993
652999
368551
368600
368601
368602
368606
368607
368608
368623
368629
624070
624071
624090
624091
624092
624093
624096
624097
667000
667001
667002
667003
667004
667005
667007
667008
667009
667010
667011
667012
667899
667961
667965
667966
667970
667999
689450
305000
305001
305002
305003
305004
305005
305007
305008
305009
305010
3050146
305018
305019
305021
305022
305023
305025
305026
305029
305030
305031
305035
305038
305040
305041
305043
305044
305045
305046
305047
305048
305700
305890
305899
305950
305960
305961
305971
305972
305999
353560
353561
353562
353563
353564
353565
353566
353567
413823
413840
413841
413843
413849
413850
413851
413853
413855
413856
413857
413858
413859
413860
413861
413863
413864
413865
413866
613440
613441
613459
613463
403001
403861
404002
404029
403801
403802
403805
399835
399850
399851
399852
399853
399854
399859
658700
658701
658703
658704
658705
658706
658707
658709
658739
422430
422431
422432
422433
422459
456020
456021
601500
601501
601503
601505
601506
601507
601508
450514
452600
452601
452602
452603
452606
452607
452612
452613
452614
452615
452616
658837
658839
188560
188561
188563
188564
188565
140053
140054
357340
357341
357342
357300
357301
357302
357303
357319
423800
423801
423802
423803
423805
423806
423807
423808
423809
423810
423812
423814
423815
423816
423818
423819
423820
423821
423822
423823
423824
423825
423826
423827
423828
423831
423832
423834
423838
423846
423847
423848
423849
680881
682800
682803
682813
682817
682818
682820
682825
682849
628000
628001
628002
628006
628007
628010
628011
628012
628013
628700
628880
628950
393360
393361
393362
393364
393366
393369
659100
659101
659102
659103
659104
659106
659107
659159
396900
396901
396902
396959
143090
143091
676870
676874
676875
676899
629601
629602
629603
629604
161157
162129
162130
162132
162134
162135
162136
162138
162139
162222
162233
672000
672001
672002
672003
672005
672006
672007
672010
672012
672014
672015
672016
672018
672020
672021
672022
672023
672024
672025
672026
672027
672029
672030
672032
672037
672038
672039
672040
672042
672043
672045
672049
672051
672880
672890
672899
672920
672921
672922
672923
672960
672961
672999
624330
624332
624333
624334
624335
297600
143180
143185
368670
187700
187701
187702
187703
187704