01945
01945
01945
01945
01945
01945
01945
01945
01945
01968
01968
01968
01979
01983
01983
01987
01990
01990
01990
01993
01993
01994
01994
01994
01994
01994
01994
01994
01994
01996
01998
01998
01998
03042
03044
03046
03048
03050
03051
03052
03053
03054
03055
03058
03058
03058
03058
03058
03058
03058
03058
03058
03058
03058
03058
03058
03058
03058
03058
03096
03096
03096
03096
03096
03096
03099
03103
03103
03116
03119
03130
03130
03130
03130
03130
03130
03130
03130
03130
03130
03130
03130
03130
03130
03130
03139
03149
03149
03149
03159
03159
03159
03172
03172
03172
03172
03172
03172
03172
03172
03185
03185
03185
03185
03185
03185
03185
03185
03197
03197
03202
03205
03205
03205
03205
03205
03205
03205
03205
03205
03205
03205
03205
03205
03205
03205
03222
03222
03222
03222
03222
03222
03222
03222
03226
03226
03226
03226
03226
03229
03229
03238
03238
03238
03238
03238
03238
03238
03238
03238
03238
03238
03238
03238
03238
03238
03238
03238
03238
03238
03238
03238
03238
03238
03246
03246
03246
03249
03249
03249
03249
03249
03249
03249
03249
03253
03253
03253
03253
03253
03253
03253
03253
03253
03253
03253
03253
03253
03253
03253
03253
04895
04910
04910
04916
04916
04916
04916
04916
04916
04924
04924
04928
04928
04928
04928
04931
04932
04932
04932
04932
04932
04932
04932
04932
04934
04934
04936
04936
04936
04936
04936
04936
04936
04936
04936
04936
04936
04936
04936
04936
04936
04936
04938
12529
12529
13047
14461
14467
14469
14471
14473
14476
14476
14476
14476
14476
14476
14476
14476
14476
14478
14480
14482
14513
14532
14532
14532
14532
14532
14542
14542
14542
14547
14547
14548
14550
14550
14550
14550
14550
14550
14552
14552
14552
14552
14552
14554
14557
14557
14558
14612
14621
14624
14627
14641
14641
14641
14641
14641
14641
14641
14641
14641
14641
14641
14641
14641
14641
14641
14641
14641
14641
14641
14641
14641
14641
14641
14641
14641
14641
14641
14641
14641
14656
14662
14662
14662
14662
14669
14669
14712
14715
14715
14715
14715
14715
14715
14715
14715
14715
14715
14715
14715
14715
14715
14715
14715
14715
14715
14715
14715
14715
14715
14715
14715
14715
14727
14727
14728
14728
14728
14728
14770
14772
14774
14776
14778
14778
14778
14778
14778
14778
14778
14778
14778
14778
14778
14778
14778
14778
14778
14778
14778
14789
14789
14789
14793
14793
14793
14793
14797
14798
14806
14806
14806
14806
14822
14822
14822
14822
14822
14822
14823
14823
14823
14827
14828
14913
14913
14913
14913
14913
14913
14913
14913
14913
14929
14943
14943
14943
14947
14959
14959
14974
14974
14979
15230
15232
15234
15236
15236
15236
15236
15236
15236
15236
15295
15295
15295
15295
15295
15295
15295
15295
15299
15299
15299
15299
15299
15306
15306
15306
15306
15306
15306
15306
15306
15306
15306
15306
15306
15306
15306
15306
15306
15306
15306
15306
15306
15306
15306
15306
15320
15320
15320
15320
15320
15320
15320
15320
15320
15320
15324
15324
15324
15324
15324
15324
15324
15326
15326
15326
15326
15326
15326
15326
15326
15326
15326
15326
15326
15328
15328
15328
15328
15328
15328
15328
15328
15328
15328
15328
15328
15328
15328
15328
15328
15328
15344
15345
15345
15345
15345
15345
15345
15345
15345
15345
15345
15345
15345
15345
15345
15345
15345
15345
15345
15345
15345
15345
15345
15366
15366
15366
15366
15370
15370
15372
15374
15377
15377
15377
15377
15377
15377
15377
15377
15377
15377
15377
15377
15377
15377
15378
15378
15517
15517
15517
15518
15518
15518
15518
15518
15518
15518
15518
15518
15518
15518
15518
15518
15518
15518
15518
15518
15518
15518
15518
15518
15518
15518
15518
15518
15518
15526
15526
15526
15526
15526
15526
15526
15526
15526
15526
15528
15528
15528
15528
15528
15528
15528
15528
15537
15537
15537
15537
15537
15537
15537
15537
15537
15562
15566
15569
15711
15711
15711
15732
15732
15732
15738
15741
15741
15741
15741
15745
15746
15748
15748
15749
15749
15749
15749
15749
15751
15752
15752
15752
15754
15754
15754
15754
15754
15754
15754
15754
15755
15755
15755
15757
15757
15757
15757
15757
15758
15758
15806
15806
15806
15806
15806
15806
15806
15806
15806
15806
15806
15806
15806
15806
15827
15827
15831
15831
15831
15831
15831
15831
15831
15834
15837
15838
15838
15838
15838
15848
15848
15848
15848
15848
15848
15848
15848
15848
15848
15848
15848
15848
15848
15848
15848
15848
15848
15848
15848
15848
15848
15848
15848
15848
15848
15848
15848
15848
15848
15848
15848
15848
15848
15848
15848
15848
15848
15848
15848
15848
15848
15848
15848
15848
15848
15848
15848
15848
15848
15848
15848
15848
15848
15848
15859
15859
15859
15859
15859
15859
15859
15859
15859
15859
15859
15859
15859
15859
15859
15859
15864
15864
15864
15864
15868
15868
15868
15868
15868
15868
15868
15890
15890
15890
15890
15890
15890
15890
15890
15890
15890
15890
15890
15890
15898
15898
15898
15898
15898
15898
15898
15898
15898
15898
15898
15898
15898
15898
15898
15898
15898
15898
15898
15907
15910
15910
15910
15910
15910
15910
15910
15910
15910
15910
15910
15910
15910
15913
15913
15913
15913
15913
15913
15913
15913
15913
15913
15913
15913
15913
15913
15913
15913
15913
15913
15913
15913
15913
15913
15913
15913
15926
15926
15926
15926
15926
15926
15926
15926
15926
15926
15926
15926
15926
15926
15926
15926
15926
15926
15926
15926
15926
15926
15936
15936
15936
15936
15938
15938
15938
15938
15938
16225
16227
16230
16230
16230
16230
16230
16244
16244
16247
16247
16247
16247
16247
16248
16248
16248
16248
16248
16248
16248
16248
16259
16259
16259
16259
16259
16259
16259
16259
16259
16259
16259
16259
16259
16259
16259
16259
16259
16259
16259
16259
16259
16259
16259
16259
16259
16259
16259
16259
16259
16259
16259
16259
16259
16259
16259
16259
16259
16259
16259
16259
16259
16259
16269
16269
16269
16269
16269
16269
16278
16278
16278
16278
16278
16278
16278
16278
16278
16278
16278
16278
16278
16278
16278
16278
16278
16278
16278
16278
16278
16278
16278
16303
16306
16306
16306
16306
16306
16306
16306
16306
16306
16306
16306
16306
16306
16306
16306
16307
16307
16307
16307
16307
16307
16307
16307
16307
16321
16321
16321
16321
16321
16321
16321
16341
16341
16348
16348
16348
16348
16348
16348
16348
16348
16352
16352
16352
16356
16356
16356
16356
16356
16356
16356
16356
16356
16356
16359
16359
16515
16515
16515
16515
16515
16515
16515
16515
16515
16515
16540
16540
16547
16548
16552
16556
16559
16559
16559
16559
16562
16565
16567
16567
16727
16727
16761
16766
16766
16767
16767
16775
16775
16775
16775
16775
16775
16775
16775
16775
16775
16775
16775
16775
16775
16775
16775
16775
16775
16775
16775
16792
16792
16792
16798
16798
16798
16798
16798
16816
16818
16818
16818
16818
16818
16818
16818
16818
16818
16818
16818
16827
16831
16831
16831
16831
16831
16831
16831
16831
16831
16833
16833
16833
16833
16833
16833
16833
16833
16833
16833
16833
16833
16835
16835
16835
16835
16835
16835
16835
16835
16837
16837
16837
16837
16837
16837
16845
16845
16845
16845
16845
16845
16845
16845
16845
16845
16845
16845
16845
16866
16866
16866
16866
16866
16866
16866
16866
16866
16866
16866
16866
16866
16866
16866
16866
16866
16866
16866
16866
16866
16868
16909
16909
16909
16909
16909
16909
16909
16909
16909
16909
16909
16909
16909
16909
16909
16909
16909
16909
16909
16909
16909
16909
16909
16909
16909
16909
16909
16918
16921
16928
16928
16928
16928
16928
16928
16928
16928
16928
16928
16928
16928
16928
16928
16928
16928
16928
16928
16928
16928
16928
16928
16928
16928
16928
16928
16945
16945
16945
16945
16949
16949
17268
17268
17268
17268
17268
17268
17268
17268
17268
17268
17268
17268
17268
17268
17268
17268
17268
17268
17268
17268
17279
17291
17291
17291
17291
17291
17291
17291
17291
17291
17291
17291
17326
19309
19309
19309
19309
19309
19309
19322
19322
19322
19322
19322
19322
19336
19336
19336
19336
19339
19339
19339
19348
19348
19348
19348
19348
19348
19348
19348
19348
19348
19348
10115
10117
10119
10178
10179
10243
10245
10247
10249
10315
10317
10318
10319
10365
10367
10369
10405
10407
10409
10435
10437
10439
10551
10553
10555
10557
10559
10585
10587
10589
10623
10625
10627
10629
10707
10709
10711
10713
10715
10717
10719
10777
10779
10781
10783
10785
10787
10789
10823
10825
10827
10829
10961
10963
10965
10967
10969
10997
10999
11011
12043
12045
12047
12049
12051
12053
12055
12057
12059
12099
12101
12103
12105
12107
12109
12157
12159
12161
12163
12165
12167
12169
12203
12205
12207
12209
12247
12249
12277
12279
12305
12307
12309
12347
12349
12351
12353
12355
12357
12359
12435
12437
12439
12459
12487
12489
12524
12526
12527
12555
12557
12559
12587
12589
12619
12621
12623
12627
12629
12679
12681
12683
12685
12687
12689
13051
13053
13055
13057
13059
13086
13088
13089
13125
13127
13129
13156
13158
13159
13187
13189
13347
13349
13351
13353
13355
13357
13359
13403
13405
13407
13409
13435
13437
13439
13465
13467
13469
13503
13505
13507
13509
13581
13583
13585
13587
13589
13591
13593
13595
13597
13599
13627
13629
14050
14052
14053
14055
14057
14059
14089
14109
14129
14131
14163
14165
14167
14169
14193
14195
14197
14199
70173
70173
70174
70174
70174
70176
70176
70176
70178
70178
70178
70178
70180
70180
70180
70182
70182
70184
70184
70184
70184
70184
70186
70186
70188
70188
70188
70190
70190
70190
70191
70191
70191
70192
70192
70192
70193
70193
70193
70195
70195
70197
70197
70199
70199
70199
70327
70327
70327
70327
70327
70327
70327
70329
70329
70329
70329
70372
70372
70374
70374
70374
70376
70376
70376
70376
70378
70435
70435
70437
70437
70437
70437
70437
70437
70439
70439
70439
70439
70469
70469
70469
70499
70499
70499
70499
70499
70499
70499
70563
70563
70563
70565
70565
70565
70565
70565
70565
70567
70567
70567
70569
70569
70569
70569
70597
70597
70597
70597
70597
70597
70599
70599
70599
70599
70599
70599
70599
70619
70619
70619
70619
70619
70629
70629
70734
70736
70771
70794
70806
70825
70839
71032
71034
71063
71065
71067
71083
71088
71093
71101
71106
71111
71116
71120
71126
71131
71134
71139
71144
71149
71154
71155
71157
71159
71229
71254
71263
71272
71277
71282
71287
71332
71334
71336
71364
71384
71394
71397
71404
71409
71522
71540
71543
71543
71546
71549
71554
71560
71563
71566
71570
71573
71576
71577
71579
71634
71636
71638
71640
71642
71665
71672
71679
71686
71691
71696
71701
71706
71711
71711
71717
71718
71720
71723
71726
71729
71732
71735
71737
71739
72622
72631
72636
72639
72644
72649
72654
72655
72657
72658
72660
72663
72664
72666
72667
72669
73033
73035
73037
73054
73061
73066
73072
73079
73084
73087
73092
73095
73098
73099